7
Macaca_sinica   0.0000000 0.5286302 0.5428058 0.5337851 0.5255638 1.1739987 0.5230748 
Gorilla_gorilla 0.5286302 0.0000000 0.2574741 0.1474993 0.1479514 1.0455527 0.1422601 
Pongo_abelii    0.5428058 0.2574741 0.0000000 0.2591755 0.2490986 1.0803139 0.2569831 
Pan_troglodytes 0.5337851 0.1474993 0.2591755 0.0000000 0.1122210 1.0551061 0.0460378 
Homo_sapiens    0.5255638 0.1479514 0.2490986 0.1122210 0.0000000 1.0504632 0.1105558 
Lemur_catta     1.1739987 1.0455527 1.0803139 1.0551061 1.0504632 0.0000000 1.0448929 
Pan_paniscus    0.5230748 0.1422601 0.2569831 0.0460378 0.1105558 1.0448929 0.0000000 
